"1",""
"1",""
"1",""
"1",""
"1",""
"1",""
"1",""
"1",""
"1",""
"1",""
"1",""
"1",""
"1",""
"1",""
"1",""
"1",""
"1",""
"1",""
"1",""
"1",""
"1",""
"1",""
"1",""
"1",""
"1",""
"1",""
"1",""
"1",""
"1",""
"1",""
"1",""
"1",""
"1",""
"1",""
"1",""
"1",""
"1",""
"1",""
"1",""
"1",""
"1",""
"1",""
"1",""
"1",""
"1",""
"1",""
"1",""
"1",""
"1",""
"1",""
"1",""
"1",""
"1",""
"1",""
"1",""
"1",""
"1",""
"1",""
"1",""
"1",""
"1",""
"1",""
"1",""
"1",""
"1",""
"1",""
"1",""
"1",""
"1",""
"1",""
"1",""
"1",""
"1",""
"1","[1] ""xgboost train""
"
"1","[1] ""xgboost train""
"
"1","[1] ""HAL dim""
[1] 5000   45
"
"1","[1] ""HAL dim""
[1] 2606   45
"
"1","[1] ""xgboost train""
"
"1","[1] ""xgboost train""
"
"1","[1] ""xgboost train""
"
"1","[1] ""xgboost train""
"
"1","[1] ""HAL dim""
[1] 5000   45
"
"1","[1] ""xgboost train""
"
"1","[1] ""HAL dim""
[1] 5000   45
"
"1","[1] ""xgboost train""
"
"1","[1] ""HAL dim""
[1] 2606   45
"
"1","[1] ""xgboost train""
"
"1","[1] ""xgboost train""
"
"1","[1] ""xgboost train""
"
"1","[1] ""HAL dim""
[1] 2606   45
"
"1","[1] ""xgboost train""
"
"1","[1] ""xgboost train""
"
"1","[1] ""xgboost train""
"
"1","[1] ""HAL dim""
[1] 2606   45
"
"1","[1] ""xgboost train""
"
"1","[1] ""xgboost train""
"
"1","[1] ""HAL dim""
[1] 5000   45
"
"1","[1] ""HAL dim""
[1] 5000   45
"
"1","[1] ""xgboost train""
"
"1","[1] ""xgboost train""
"
"1","[1] ""xgboost train""
"
"1","[1] ""HAL dim""
[1] 2606   45
"
"1","[1] ""xgboost train""
"
"1","[1] ""HAL dim""
[1] 2606   45
"
"1","[1] ""xgboost train""
"
"1","[1] ""xgboost train""
"
"1","[1] ""HAL dim""
[1] 2606   45
"
"1","[1] ""xgboost train""
"
"1","[1] ""xgboost train""
"
"1","[1] ""HAL dim""
[1] 5000   45
"
"1","[1] ""xgboost train""
"
"1","[1] ""xgboost train""
"
"1","[1] ""xgboost train""
"
"1","[1] ""HAL dim""
[1] 5000   45
"
"1","[1] ""xgboost train""
"
"1","[1]"
"1"," ""IPW"""
"1","
"
"1","[1]"
"1"," ""PLUGIN"""
"1","
"
"1","[1]"
"1"," ""IPW"""
"1","
"
